-1 02 00 00 00 00 00 00 00 00 00 00 00 00
02 -1 02 00 00 00 00 00 01 01 00 00 00 00
00 02 -1 02 00 00 00 00 04 00 00 00 04 00
00 00 02 -1 02 00 00 03 00 00 00 00 03 00
00 00 00 02 -1 02 01 01 00 00 00 00 00 00
00 00 00 00 02 -1 00 00 00 00 00 00 00 00
00 00 00 00 01 00 -1 00 00 00 00 00 00 00
00 00 00 03 01 00 00 -1 01 00 00 03 00 00
00 01 04 00 00 00 00 01 -1 00 04 00 00 00
00 01 00 00 00 00 00 00 00 -1 00 00 00 00
00 00 00 00 00 00 00 00 04 00 -1 00 00 00
00 00 00 00 00 00 00 03 00 00 00 -1 00 00
00 00 04 03 00 00 00 00 00 00 00 00 -1 03
00 00 00 00 00 00 00 00 00 00 00 00 03 -1
